814 727
349 887
492 68
108 510
881 517
196 60
220 21
525 729
167 47
72 26
648 727
701 672
119 858
547 397
469 801
536 27
460 415
91 639
520 366
208 300
851 579
59 221
605 100
649 396
621 884
893 772
311 582
395 557
243 630
40 830
46 740
594 262
236 102
107 765
204 214
620 901
4 390
624 900
59 862
871 205
286 728
588 839
440 400
593 580
505 319
465 331
199 296
200 546
123 413
50 592
851 488
621 394
128 530
360 72
844 245
466 310
605 264
792 541
445 179
866 790
562 45
910 566
630 87
57 307
487 849
432 642
257 39
818 669
853 226
242 381
269 106
169 730
704 147
542 403
605 74
529 752
139 637
85 66
284 275
61 678
725 720
656 901
70 210
238 106
740 295
822 333
208 847
437 239
871 377
166 18
96 882
168 286
16 309
872 839
3 675
358 454
480 188
528 422
26 560
851 279
