470 362
174 460
434 232
185 90
22 148
175 161
523 502
317 216
257 419
212 108
302 7
284 322
193 295
451 492
286 104
286 137
401 268
501 75
479 164
496 263
417 503
356 414
218 301
449 42
351 416
480 128
125 91
216 209
176 331
253 437
336 99
386 6
16 35
19 31
40 343
27 309
74 57
418 179
311 284
226 334
375 370
452 263
100 321
40 438
94 96
97 203
435 389
282 237
195 426
244 129
167 115
382 244
351 158
192 207
51 15
429 402
473 313
286 265
259 487
231 65
417 40
75 318
363 186
258 39
293 389
181 57
415 219
454 239
259 79
284 287
54 131
257 362
416 371
496 352
53 121
153 391
32 75
35 353
407 334
71 451
342 52
498 358
83 286
270 364
524 123
475 248
330 373
212 402
458 393
329 415
421 118
94 185
371 348
224 426
329 126
297 274
317 349
419 2
214 487
420 456
